c
c - Begin Cell cards
c
c - Corner spacers
1 1 -1 1 -4 11 -14 401 -403 imp:n=1
2 1 -1 2 -5 11 -14 401 -403 imp:n=1
3 1 -1 3 -6 11 -14 401 -403 imp:n=1
4 1 -1 1 -4 12 -15 401 -403 imp:n=1
5 1 -1 2 -5 12 -15 401 -403 imp:n=1
6 1 -1 3 -6 12 -15 401 -403 imp:n=1
7 1 -1 1 -4 13 -16 401 -403 imp:n=1
8 1 -1 2 -5 13 -16 401 -403 imp:n=1
9 1 -1 3 -6 13 -16 401 -403 imp:n=1
c
c - Fuel arrays
10 2 -1 14 -12 4 -2 401 -403 imp:n=1
11 2 -1 15 -13 4 -2 401 -403 imp:n=1
12 2 -1 14 -12 5 -3 401 -403 imp:n=1
13 2 -1 15 -13 5 -3 401 -403 imp:n=1
c
c cooling tubes running parallel to the x-axis
c
15 3 -1 -80 401 -402 imp:n=1
16 4 -1 80 -81 401 -402 imp:n=1
c
17 3 -1 -100 401 -402 imp:n=1
18 4 -1 100 -101 401 -402 imp:n=1
c
19 3 -1 -120 401 -402 imp:n=1
20 4 -1 120 -121 401 -402 imp:n=1
c
21 3 -1 -82 401 -402 imp:n=1
22 4 -1 82 -83 401 -402 imp:n=1
c
23 3 -1 -102 401 -402 imp:n=1
24 4 -1 102 -103 401 -402 imp:n=1
c
25 3 -1 -122 401 -402 imp:n=1
26 4 -1 122 -123 401 -402 imp:n=1
c
27 3 -1 -84 401 -402 imp:n=1
28 4 -1 84 -85 401 -402 imp:n=1
c
29 3 -1 -104 401 -402 imp:n=1
30 4 -1 104 -105 401 -402 imp:n=1
c
31 3 -1 -124 401 -402 imp:n=1
32 4 -1 124 -125 401 -402 imp:n=1
c
33 3 -1 -86 401 -402 imp:n=1
34 4 -1 86 -87 401 -402 imp:n=1
c
35 3 -1 -106 401 -402 imp:n=1
36 4 -1 106 -107 401 -402 imp:n=1
c
37 3 -1 -126 401 -402 imp:n=1
38 4 -1 126 -127 401 -402 imp:n=1
c
39 3 -1 -88 401 -402 imp:n=1
40 4 -1 88 -89 401 -402 imp:n=1
c
41 3 -1 -108 401 -402 imp:n=1
42 4 -1 108 -109 401 -402 imp:n=1
c
43 3 -1 -128 401 -402 imp:n=1
44 4 -1 128 -129 401 -402 imp:n=1
c
45 3 -1 -90 401 -402 imp:n=1
46 4 -1 90 -91 401 -402 imp:n=1
c
47 3 -1 -110 401 -402 imp:n=1
48 4 -1 110 -111 401 -402 imp:n=1
c
49 3 -1 -130 401 -402 imp:n=1
50 4 -1 130 -131 401 -402 imp:n=1
c
51 3 -1 -92 401 -402 imp:n=1
52 4 -1 92 -93 401 -402 imp:n=1
c
53 3 -1 -112 401 -402 imp:n=1
54 4 -1 112 -113 401 -402 imp:n=1
c
55 3 -1 -132 401 -402 imp:n=1
56 4 -1 132 -133 401 -402 imp:n=1
c
57 3 -1 -94 401 -402 imp:n=1
58 4 -1 94 -95 401 -402 imp:n=1
c
59 3 -1 -114 401 -402 imp:n=1
60 4 -1 114 -115 401 -402 imp:n=1
c
61 3 -1 -134 401 -402 imp:n=1
62 4 -1 134 -135 401 -402 imp:n=1
c
c
c cooling tubes running parallel to the y-axis
c
63 3 -1 -20 401 -402 imp:n=1
64 4 -1 20 -21 401 -402 imp:n=1
c
65 3 -1 -40 401 -402 imp:n=1
66 4 -1 40 -41 401 -402 imp:n=1
c
67 3 -1 -60 401 -402 imp:n=1
68 4 -1 60 -61 401 -402 imp:n=1
c
69 3 -1 -22 401 -402 imp:n=1
70 4 -1 22 -23 401 -402 imp:n=1
c
71 3 -1 -42 401 -402 imp:n=1
72 4 -1 42 -43 401 -402 imp:n=1
c
73 3 -1 -62 401 -402 imp:n=1
74 4 -1 62 -63 401 -402 imp:n=1
c
75 3 -1 -24 401 -402 imp:n=1
76 4 -1 24 -25 401 -402 imp:n=1
c
77 3 -1 -44 401 -402 imp:n=1
78 4 -1 44 -45 401 -402 imp:n=1
c
79 3 -1 -64 401 -402 imp:n=1
80 4 -1 64 -65 401 -402 imp:n=1
c
81 3 -1 -26 401 -402 imp:n=1
82 4 -1 26 -27 401 -402 imp:n=1
c
83 3 -1 -46 401 -402 imp:n=1
84 4 -1 46 -47 401 -402 imp:n=1
c
85 3 -1 -66 401 -402 imp:n=1
86 4 -1 66 -67 401 -402 imp:n=1
c
87 3 -1 -28 401 -402 imp:n=1
88 4 -1 28 -29 401 -402 imp:n=1
c
89 3 -1 -48 401 -402 imp:n=1
90 4 -1 48 -49 401 -402 imp:n=1
c
91 3 -1 -68 401 -402 imp:n=1
92 4 -1 68 -69 401 -402 imp:n=1
c
93 3 -1 -30 401 -402 imp:n=1
94 4 -1 30 -31 401 -402 imp:n=1
c
95 3 -1 -50 401 -402 imp:n=1
96 4 -1 50 -51 401 -402 imp:n=1
c
97 3 -1 -70 401 -402 imp:n=1
98 4 -1 70 -71 401 -402 imp:n=1
c
99 3 -1 -32 401 -402 imp:n=1
100 4 -1 32 -33 401 -402 imp:n=1
c
101 3 -1 -52 401 -402 imp:n=1
102 4 -1 52 -53 401 -402 imp:n=1
c
103 3 -1 -72 401 -402 imp:n=1
104 4 -1 72 -73 401 -402 imp:n=1
c
105 3 -1 -34 401 -402 imp:n=1
106 4 -1 34 -35 401 -402 imp:n=1
c
107 3 -1 -54 401 -402 imp:n=1
108 4 -1 54 -55 401 -402 imp:n=1
c
109 3 -1 -74 401 -402 imp:n=1
110 4 -1 74 -75 401 -402 imp:n=1
c
c
c
c cooling torus running parallel to the y-axis
c
111 3 -1 -201 402 imp:n=1
112 4 -1 201 -202 402 imp:n=1
113 3 -1 -203 402 imp:n=1
114 4 -1 203 -204 402 imp:n=1
115 3 -1 -205 402 imp:n=1
116 4 -1 205 -206 402 imp:n=1
117 3 -1 -207 402 imp:n=1
118 4 -1 207 -208 402 imp:n=1
c
119 3 -1 -211 402 imp:n=1
120 4 -1 211 -212 402 imp:n=1
121 3 -1 -213 402 imp:n=1
122 4 -1 213 -214 402 imp:n=1
123 3 -1 -215 402 imp:n=1
124 4 -1 215 -216 402 imp:n=1
125 3 -1 -217 402 imp:n=1
126 4 -1 217 -218 402 imp:n=1
c
127 3 -1 -221 402 imp:n=1
128 4 -1 221 -222 402 imp:n=1
129 3 -1 -223 402 imp:n=1
130 4 -1 223 -224 402 imp:n=1
131 3 -1 -225 402 imp:n=1
132 4 -1 225 -226 402 imp:n=1
133 3 -1 -227 402 imp:n=1
134 4 -1 227 -228 402 imp:n=1
c
c
c cooling torus running parallel to the x-axis
c
135 3 -1 -301 402 imp:n=1
136 4 -1 301 -302 402 imp:n=1
137 3 -1 -303 402 imp:n=1
138 4 -1 303 -304 402 imp:n=1
139 3 -1 -305 402 imp:n=1
140 4 -1 305 -306 402 imp:n=1
141 3 -1 -307 402 imp:n=1
142 4 -1 307 -308 402 imp:n=1
c
143 3 -1 -311 402 imp:n=1
144 4 -1 311 -312 402 imp:n=1
145 3 -1 -313 402 imp:n=1
146 4 -1 313 -314 402 imp:n=1
147 3 -1 -315 402 imp:n=1
148 4 -1 315 -316 402 imp:n=1
149 3 -1 -317 402 imp:n=1
150 4 -1 317 -318 402 imp:n=1
c
151 3 -1 -321 402 imp:n=1
152 4 -1 321 -322 402 imp:n=1
153 3 -1 -323 402 imp:n=1
154 4 -1 323 -324 402 imp:n=1
155 3 -1 -325 402 imp:n=1
156 4 -1 325 -326 402 imp:n=1
157 3 -1 -327 402 imp:n=1
158 4 -1 327 -328 402 imp:n=1
c
c
c - plates parallel to y axis
159 1 -1 1 -4 14 -12 401 -403
     #63 #64 #75 #76 #87 #88 #99 #100
     #111 #112 #113 #114
     imp:n=1
c
160 1 -1 2 -5 14 -12 401 -403
     #65 #66 #77 #78 #89 #90 #101 #102
     #119 #120 #121 #122
     imp:n=1
c
161 1 -1 3 -6 14 -12 401 -403
     #67 #68 #79 #80 #91 #92 #103 #104
     #127 #128 #129 #130
     imp:n=1
162 1 -1 1 -4 15 -13 401 -403
     #69 #70 #81 #82 #93 #94 #105 #106
     #115 #116 #117 #118
     imp:n=1
c
163 1 -1 2 -5 15 -13 401 -403
     #71 #72 #83 #84 #95 #96 #107 #108
     #123 #124 #125 #126
     imp:n=1
c
164 1 -1 3 -6 15 -13 401 -403
     #73 #74 #85 #86 #97 #98 #109 #110
     #131 #132 #133 #134
     imp:n=1
c - plates parallel to x axis
165 1 -1 11 -14 4 -2 401 -403
     #15 #16 #27 #28 #39 #40 #51 #52
     #135 #136 #137 #138
     imp:n=1
c
166 1 -1 12 -15 4 -2 401 -403
     #17 #18 #29 #30 #41 #42 #53 #54
     #143 #144 #145 #146
     imp:n=1
c
167 1 -1 13 -16 4 -2 401 -403
     #19 #20 #31 #32 #43 #44 #55 #56
     #151 #152 #153 #154
     imp:n=1
168 1 -1 11 -14 5 -3 401 -403
     #21 #22 #33 #34 #45 #46 #57 #58
     #139 #140 #141 #142
     imp:n=1
c
169 1 -1 12 -15 5 -3 401 -403
     #23 #24 #35 #36 #47 #48 #59 #60
     #147 #148 #149 #150
     imp:n=1
c
170 1 -1 13 -16 5 -3 401 -403
     #25 #26 #37 #38 #49 #50 #61 #62
     #155 #156 #157 #158
     imp:n=1
c
c - top and bottom plate
171 1 -1 1 -6 11 -16 403 -404 imp:n=1
172 1 -1 1 -6 11 -16 400 -401 imp:n=1
173 5 -1 -1:6:-11:16:-400:404 imp:n=1

c - Begin Surface cards
1 px 0
2 px 20.32
3 px 40.64
c
4 px 1.5
5 px 21.82
6 px 42.14
c
11 py 0
12 py 20.32
13 py 40.64
c
14 py 1.5
15 py 21.82
16 py 42.14
c
c level 1 parallel to y cylinders
c
20 c/z 0.75 3.8525 0.25
21 c/z 0.75 3.8525 0.3
22 c/z 0.75 24.1725 0.25
23 c/z 0.75 24.1725 0.3
24 c/z 0.75 8.557500000000001 0.25
25 c/z 0.75 8.557500000000001 0.3
26 c/z 0.75 28.877499999999998 0.25
27 c/z 0.75 28.877499999999998 0.3
28 c/z 0.75 13.262500000000001 0.25
29 c/z 0.75 13.262500000000001 0.3
30 c/z 0.75 33.582499999999996 0.25
31 c/z 0.75 33.582499999999996 0.3
32 c/z 0.75 17.9675 0.25
33 c/z 0.75 17.9675 0.3
34 c/z 0.75 38.287499999999994 0.25
35 c/z 0.75 38.287499999999994 0.3
c
c level 2 parallel to y cylinders
c
40 c/z 21.07 3.8525 0.25
41 c/z 21.07 3.8525 0.3
42 c/z 21.07 24.1725 0.25
43 c/z 21.07 24.1725 0.3
44 c/z 21.07 8.557500000000001 0.25
45 c/z 21.07 8.557500000000001 0.3
46 c/z 21.07 28.877499999999998 0.25
47 c/z 21.07 28.877499999999998 0.3
48 c/z 21.07 13.262500000000001 0.25
49 c/z 21.07 13.262500000000001 0.3
50 c/z 21.07 33.582499999999996 0.25
51 c/z 21.07 33.582499999999996 0.3
52 c/z 21.07 17.9675 0.25
53 c/z 21.07 17.9675 0.3
54 c/z 21.07 38.287499999999994 0.25
55 c/z 21.07 38.287499999999994 0.3
c
c level 3 parallel to y cylinders
c
60 c/z 41.39 3.8525 0.25
61 c/z 41.39 3.8525 0.3
62 c/z 41.39 24.1725 0.25
63 c/z 41.39 24.1725 0.3
64 c/z 41.39 8.557500000000001 0.25
65 c/z 41.39 8.557500000000001 0.3
66 c/z 41.39 28.877499999999998 0.25
67 c/z 41.39 28.877499999999998 0.3
68 c/z 41.39 13.262500000000001 0.25
69 c/z 41.39 13.262500000000001 0.3
70 c/z 41.39 33.582499999999996 0.25
71 c/z 41.39 33.582499999999996 0.3
72 c/z 41.39 17.9675 0.25
73 c/z 41.39 17.9675 0.3
74 c/z 41.39 38.287499999999994 0.25
75 c/z 41.39 38.287499999999994 0.3
c
c level 1 parallel to x cylinders
c
80 c/z 3.8525 0.75 0.25
81 c/z 3.8525 0.75 0.3
82 c/z 24.1725 0.75 0.25
83 c/z 24.1725 0.75 0.3
84 c/z 8.557500000000001 0.75 0.25
85 c/z 8.557500000000001 0.75 0.3
86 c/z 28.877499999999998 0.75 0.25
87 c/z 28.877499999999998 0.75 0.3
88 c/z 13.262500000000001 0.75 0.25
89 c/z 13.262500000000001 0.75 0.3
90 c/z 33.582499999999996 0.75 0.25
91 c/z 33.582499999999996 0.75 0.3
92 c/z 17.9675 0.75 0.25
93 c/z 17.9675 0.75 0.3
94 c/z 38.287499999999994 0.75 0.25
95 c/z 38.287499999999994 0.75 0.3
c
c level 2 parallel to x cylinders
c
100 c/z 3.8525 21.07 0.25
101 c/z 3.8525 21.07 0.3
102 c/z 24.1725 21.07 0.25
103 c/z 24.1725 21.07 0.3
104 c/z 8.557500000000001 21.07 0.25
105 c/z 8.557500000000001 21.07 0.3
106 c/z 28.877499999999998 21.07 0.25
107 c/z 28.877499999999998 21.07 0.3
108 c/z 13.262500000000001 21.07 0.25
109 c/z 13.262500000000001 21.07 0.3
110 c/z 33.582499999999996 21.07 0.25
111 c/z 33.582499999999996 21.07 0.3
112 c/z 17.9675 21.07 0.25
113 c/z 17.9675 21.07 0.3
114 c/z 38.287499999999994 21.07 0.25
115 c/z 38.287499999999994 21.07 0.3
c
c level 3 parallel to x cylinders
c
120 c/z 3.8525 41.39 0.25
121 c/z 3.8525 41.39 0.3
122 c/z 24.1725 41.39 0.25
123 c/z 24.1725 41.39 0.3
124 c/z 8.557500000000001 41.39 0.25
125 c/z 8.557500000000001 41.39 0.3
126 c/z 28.877499999999998 41.39 0.25
127 c/z 28.877499999999998 41.39 0.3
128 c/z 13.262500000000001 41.39 0.25
129 c/z 13.262500000000001 41.39 0.3
130 c/z 33.582499999999996 41.39 0.25
131 c/z 33.582499999999996 41.39 0.3
132 c/z 17.9675 41.39 0.25
133 c/z 17.9675 41.39 0.3
134 c/z 38.287499999999994 41.39 0.25
135 c/z 38.287499999999994 41.39 0.3
c
c level 1 parallel to x torus
c
201 TX 0.75 6.205 157.4 2.3525 0.25 0.25
202 TX 0.75 6.205 157.4 2.3525 0.3 0.3
203 TX 0.75 15.615 157.4 2.3525 0.25 0.25
204 TX 0.75 15.615 157.4 2.3525 0.3 0.3
205 TX 0.75 26.525 157.4 2.3525 0.25 0.25
206 TX 0.75 26.525 157.4 2.3525 0.3 0.3
207 TX 0.75 35.935 157.4 2.3525 0.25 0.25
208 TX 0.75 35.935 157.4 2.3525 0.3 0.3
c
c level 2 parallel to x torus
c
211 TX 21.07 6.205 157.4 2.3525 0.25 0.25
212 TX 21.07 6.205 157.4 2.3525 0.3 0.3
213 TX 21.07 15.615 157.4 2.3525 0.25 0.25
214 TX 21.07 15.615 157.4 2.3525 0.3 0.3
215 TX 21.07 26.525 157.4 2.3525 0.25 0.25
216 TX 21.07 26.525 157.4 2.3525 0.3 0.3
217 TX 21.07 35.935 157.4 2.3525 0.25 0.25
218 TX 21.07 35.935 157.4 2.3525 0.3 0.3
c
c level 3 parallel to x torus
c
221 TX 41.39 6.205 157.4 2.3525 0.25 0.25
222 TX 41.39 6.205 157.4 2.3525 0.3 0.3
223 TX 41.39 15.615 157.4 2.3525 0.25 0.25
224 TX 41.39 15.615 157.4 2.3525 0.3 0.3
c
225 TX 41.39 26.525 157.4 2.3525 0.25 0.25
226 TX 41.39 26.525 157.4 2.3525 0.3 0.3
227 TX 41.39 35.935 157.4 2.3525 0.25 0.25
228 TX 41.39 35.935 157.4 2.3525 0.3 0.3
c
c level 1 parallel to y torus
c
301 TY 6.205 0.75 157.4 2.3525 0.25 0.25
302 TY 6.205 0.75 157.4 2.3525 0.3 0.3
303 TY 15.615 0.75 157.4 2.3525 0.25 0.25
304 TY 15.615 0.75 157.4 2.3525 0.3 0.3
305 TY 26.525 0.75 157.4 2.3525 0.25 0.25
306 TY 26.525 0.75 157.4 2.3525 0.3 0.3
307 TY 35.935 0.75 157.4 2.3525 0.25 0.25
308 TY 35.935 0.75 157.4 2.3525 0.3 0.3
c
c level 2 parallel to y torus
c
311 TY 6.205 21.07 157.4 2.3525 0.25 0.25
312 TY 6.205 21.07 157.4 2.3525 0.3 0.3
313 TY 15.615 21.07 157.4 2.3525 0.25 0.25
314 TY 15.615 21.07 157.4 2.3525 0.3 0.3
315 TY 26.525 21.07 157.4 2.3525 0.25 0.25
316 TY 26.525 21.07 157.4 2.3525 0.3 0.3
317 TY 35.935 21.07 157.4 2.3525 0.25 0.25
318 TY 35.935 21.07 157.4 2.3525 0.3 0.3
c
c level 3 parallel to y torus
c
321 TY 6.205 41.39 157.4 2.3525 0.25 0.25
322 TY 6.205 41.39 157.4 2.3525 0.3 0.3
323 TY 15.615 41.39 157.4 2.3525 0.25 0.25
324 TY 15.615 41.39 157.4 2.3525 0.3 0.3
325 TY 26.525 41.39 157.4 2.3525 0.25 0.25
326 TY 26.525 41.39 157.4 2.3525 0.3 0.3
327 TY 35.935 41.39 157.4 2.3525 0.25 0.25
328 TY 35.935 41.39 157.4 2.3525 0.3 0.3
c
c
c
400 pz -1.5
401 pz 0
402 pz 157.4
403 pz 165
404 pz 166.5

sdef pos=0 0 0                           $ [dummy source, replace]
c                                                                               
c
c      Water                    1.00 g/cc [replace with al]
M1 1001 0.666657
     8016 0.333343
c
c      Water                    1.00 g/cc [replace with fuel]
M2 1001 0.666657
     8016 0.333343
c
c      Water                    1.00 g/cc [replace with working fluid]
M3 1001 0.666657
     8016 0.333343
c
c      Water                    1.00 g/cc [replace with pipe material]
M4 1001 0.666657
     8016 0.333343
c
c      Water                    1.00 g/cc [replace with atmosphere]
M5 1001 0.666657
     8016 0.333343                                                     
                                                                    